(kicad_pcb (version 20171130) (host pcbnew 5.0.1)

  (general
    (thickness 1.6)
    (drawings 9)
    (tracks 1063)
    (zones 0)
    (modules 31)
    (nets 68)
  )

  (page A4)
  (layers
    (0 F.Cu signal)
    (31 B.Cu signal)
    (32 B.Adhes user)
    (33 F.Adhes user)
    (34 B.Paste user)
    (35 F.Paste user)
    (36 B.SilkS user)
    (37 F.SilkS user)
    (38 B.Mask user)
    (39 F.Mask user)
    (40 Dwgs.User user)
    (41 Cmts.User user)
    (42 Eco1.User user)
    (43 Eco2.User user)
    (44 Edge.Cuts user)
    (45 Margin user)
    (46 B.CrtYd user)
    (47 F.CrtYd user)
    (48 B.Fab user)
    (49 F.Fab user)
  )

  (setup
    (last_trace_width 0.254)
    (trace_clearance 0.127)
    (zone_clearance 0.508)
    (zone_45_only no)
    (trace_min 0.127)
    (segment_width 0.2)
    (edge_width 0.15)
    (via_size 0.508)
    (via_drill 0.254)
    (via_min_size 0.508)
    (via_min_drill 0.254)
    (uvia_size 0.508)
    (uvia_drill 0.254)
    (uvias_allowed no)
    (uvia_min_size 0.2)
    (uvia_min_drill 0.1)
    (pcb_text_width 0.3)
    (pcb_text_size 1.5 1.5)
    (mod_edge_width 0.15)
    (mod_text_size 1 1)
    (mod_text_width 0.15)
    (pad_size 2 2)
    (pad_drill 0.762)
    (pad_to_mask_clearance 0.051)
    (solder_mask_min_width 0.25)
    (aux_axis_origin 0 0)
    (visible_elements FFFFFF7F)
    (pcbplotparams
      (layerselection 0x010fc_ffffffff)
      (usegerberextensions false)
      (usegerberattributes false)
      (usegerberadvancedattributes false)
      (creategerberjobfile false)
      (excludeedgelayer true)
      (linewidth 0.100000)
      (plotframeref false)
      (viasonmask false)
      (mode 1)
      (useauxorigin false)
      (hpglpennumber 1)
      (hpglpenspeed 20)
      (hpglpendiameter 15.000000)
      (psnegative false)
      (psa4output false)
      (plotreference true)
      (plotvalue true)
      (plotinvisibletext false)
      (padsonsilk false)
      (subtractmaskfromsilk false)
      (outputformat 1)
      (mirror false)
      (drillshape 1)
      (scaleselection 1)
      (outputdirectory ""))
  )

  (net 0 "")
  (net 1 +3V3)
  (net 2 +5V)
  (net 3 GND)
  (net 4 /OE)
  (net 5 /CLK)
  (net 6 /C)
  (net 7 /A)
  (net 8 /B2)
  (net 9 /R2)
  (net 10 /B1)
  (net 11 /R1)
  (net 12 /LAT)
  (net 13 /D)
  (net 14 /B)
  (net 15 /G2)
  (net 16 /G1)
  (net 17 /RX)
  (net 18 /TX)
  (net 19 /SCK)
  (net 20 /MISO)
  (net 21 /MOSI)
  (net 22 /CS_EEPROM)
  (net 23 "Net-(FPGA1-Pad26)")
  (net 24 "Net-(FPGA1-Pad27)")
  (net 25 "Net-(CHAIN1-Pad1)")
  (net 26 "Net-(CHAIN1-Pad2)")
  (net 27 "Net-(CHAIN1-Pad3)")
  (net 28 "Net-(CHAIN1-Pad5)")
  (net 29 "Net-(CHAIN1-Pad6)")
  (net 30 "Net-(CHAIN1-Pad7)")
  (net 31 "Net-(CHAIN1-Pad9)")
  (net 32 "Net-(CHAIN1-Pad10)")
  (net 33 "Net-(CHAIN1-Pad11)")
  (net 34 "Net-(CHAIN1-Pad12)")
  (net 35 "Net-(CHAIN1-Pad13)")
  (net 36 "Net-(CHAIN1-Pad14)")
  (net 37 "Net-(CHAIN1-Pad15)")
  (net 38 /RX+)
  (net 39 /RX-)
  (net 40 /TX+)
  (net 41 /TX-)
  (net 42 "Net-(J1-Pad6)")
  (net 43 "Net-(J1-Pad7)")
  (net 44 "Net-(J1-Pad8)")
  (net 45 "Net-(J1-Pad9)")
  (net 46 /SC_EXT)
  (net 47 /EXT_IO1)
  (net 48 /EXT_IO2)
  (net 49 /E)
  (net 50 "Net-(R6-Pad2)")
  (net 51 "Net-(R4-Pad2)")
  (net 52 "Net-(CHAIN1-Pad8)")
  (net 53 "Net-(U2-Pad15)")
  (net 54 "Net-(U2-Pad14)")
  (net 55 "Net-(R5-Pad2)")
  (net 56 "Net-(R14-Pad1)")
  (net 57 "Net-(R16-Pad1)")
  (net 58 "Net-(R15-Pad1)")
  (net 59 "Net-(R13-Pad1)")
  (net 60 "Net-(R12-Pad1)")
  (net 61 "Net-(R11-Pad1)")
  (net 62 "Net-(R10-Pad2)")
  (net 63 "Net-(R7-Pad2)")
  (net 64 "Net-(R8-Pad2)")
  (net 65 "Net-(R9-Pad2)")
  (net 66 "Net-(R3-Pad2)")
  (net 67 "Net-(FPGA1-Pad25)")

  (net_class Default "This is the default net class."
    (clearance 0.127)
    (trace_width 0.254)
    (via_dia 0.508)
    (via_drill 0.254)
    (uvia_dia 0.508)
    (uvia_drill 0.254)
    (diff_pair_gap 0.127)
    (diff_pair_width 0.127)
    (add_net /A)
    (add_net /B)
    (add_net /B1)
    (add_net /B2)
    (add_net /C)
    (add_net /CLK)
    (add_net /CS_EEPROM)
    (add_net /D)
    (add_net /E)
    (add_net /EXT_IO1)
    (add_net /EXT_IO2)
    (add_net /G1)
    (add_net /G2)
    (add_net /LAT)
    (add_net /MISO)
    (add_net /MOSI)
    (add_net /OE)
    (add_net /R1)
    (add_net /R2)
    (add_net /RX)
    (add_net /RX+)
    (add_net /RX-)
    (add_net /SCK)
    (add_net /SC_EXT)
    (add_net /TX)
    (add_net /TX+)
    (add_net /TX-)
    (add_net "Net-(CHAIN1-Pad1)")
    (add_net "Net-(CHAIN1-Pad10)")
    (add_net "Net-(CHAIN1-Pad11)")
    (add_net "Net-(CHAIN1-Pad12)")
    (add_net "Net-(CHAIN1-Pad13)")
    (add_net "Net-(CHAIN1-Pad14)")
    (add_net "Net-(CHAIN1-Pad15)")
    (add_net "Net-(CHAIN1-Pad2)")
    (add_net "Net-(CHAIN1-Pad3)")
    (add_net "Net-(CHAIN1-Pad5)")
    (add_net "Net-(CHAIN1-Pad6)")
    (add_net "Net-(CHAIN1-Pad7)")
    (add_net "Net-(CHAIN1-Pad8)")
    (add_net "Net-(CHAIN1-Pad9)")
    (add_net "Net-(FPGA1-Pad25)")
    (add_net "Net-(FPGA1-Pad26)")
    (add_net "Net-(FPGA1-Pad27)")
    (add_net "Net-(J1-Pad6)")
    (add_net "Net-(J1-Pad7)")
    (add_net "Net-(J1-Pad8)")
    (add_net "Net-(J1-Pad9)")
    (add_net "Net-(R10-Pad2)")
    (add_net "Net-(R11-Pad1)")
    (add_net "Net-(R12-Pad1)")
    (add_net "Net-(R13-Pad1)")
    (add_net "Net-(R14-Pad1)")
    (add_net "Net-(R15-Pad1)")
    (add_net "Net-(R16-Pad1)")
    (add_net "Net-(R3-Pad2)")
    (add_net "Net-(R4-Pad2)")
    (add_net "Net-(R5-Pad2)")
    (add_net "Net-(R6-Pad2)")
    (add_net "Net-(R7-Pad2)")
    (add_net "Net-(R8-Pad2)")
    (add_net "Net-(R9-Pad2)")
    (add_net "Net-(U2-Pad14)")
    (add_net "Net-(U2-Pad15)")
  )

  (net_class Power ""
    (clearance 0.254)
    (trace_width 0.508)
    (via_dia 0.508)
    (via_drill 0.254)
    (uvia_dia 0.508)
    (uvia_drill 0.254)
    (diff_pair_gap 0.127)
    (diff_pair_width 0.127)
    (add_net +3V3)
    (add_net +5V)
    (add_net GND)
  )

  (module TinyFPGA:TinyFPGA_BX (layer F.Cu) (tedit 5C1D90E3) (tstamp 5BF3E8DE)
    (at 68.58 104.14 180)
    (path /5BEC8AD8)
    (fp_text reference FPGA1 (at 0 15.24 180) (layer F.SilkS)
      (effects (font (size 1 1) (thickness 0.15)))
    )
    (fp_text value Bx (at -0.36 -11.43 180 unlocked) (layer F.SilkS)
      (effects (font (size 1 1) (thickness 0.15)))
    )
    (fp_line (start -3.81 -20.32) (end 3.81 -20.32) (layer F.SilkS) (width 0.15))
    (fp_line (start 3.81 -20.32) (end 3.81 -13.97) (layer F.SilkS) (width 0.15))
    (fp_line (start 3.81 -13.97) (end -3.81 -13.97) (layer F.SilkS) (width 0.15))
    (fp_line (start -3.81 -13.97) (end -3.81 -20.32) (layer F.SilkS) (width 0.15))
    (fp_text user Tiny (at -3 2.54 180 unlocked) (layer F.SilkS)
      (effects (font (size 1 1) (thickness 0.15)))
    )
    (fp_text user FPGA (at -2.54 3.81 180 unlocked) (layer F.SilkS)
      (effects (font (size 1 1) (thickness 0.15)))
    )
    (fp_line (start -8.89 -19.05) (end -3.81 -19.05) (layer F.SilkS) (width 0.15))
    (fp_line (start 3.81 -19.05) (end 8.89 -19.05) (layer F.SilkS) (width 0.15))
    (fp_line (start 8.89 -19.05) (end 8.89 16.51) (layer F.SilkS) (width 0.15))
    (fp_line (start 8.89 16.51) (end -8.89 16.51) (layer F.SilkS) (width 0.15))
    (fp_line (start -8.89 16.51) (end -8.89 -19.05) (layer F.SilkS) (width 0.15))
    (pad 1 thru_hole circle (at -7.62 -17.78 180) (size 1.524 1.524) (drill 0.762) (layers *.Cu *.Mask)
      (net 3 GND))
    (pad 2 thru_hole circle (at -7.62 -15.24 180) (size 1.524 1.524) (drill 0.762) (layers *.Cu *.Mask)
      (net 4 /OE))
    (pad 3 thru_hole circle (at -7.62 -12.7 180) (size 1.524 1.524) (drill 0.762) (layers *.Cu *.Mask)
      (net 5 /CLK))
    (pad 4 thru_hole circle (at -7.62 -10.16 180) (size 1.524 1.524) (drill 0.762) (layers *.Cu *.Mask)
      (net 6 /C))
    (pad 5 thru_hole circle (at -7.62 -7.62 180) (size 1.524 1.524) (drill 0.762) (layers *.Cu *.Mask)
      (net 7 /A))
    (pad 6 thru_hole circle (at -7.62 -5.08 180) (size 1.524 1.524) (drill 0.762) (layers *.Cu *.Mask)
      (net 8 /B2))
    (pad 7 thru_hole circle (at -7.62 -2.54 180) (size 1.524 1.524) (drill 0.762) (layers *.Cu *.Mask)
      (net 9 /R2))
    (pad 8 thru_hole circle (at -7.62 0 180) (size 1.524 1.524) (drill 0.762) (layers *.Cu *.Mask)
      (net 10 /B1))
    (pad 9 thru_hole circle (at -7.62 2.54 180) (size 1.524 1.524) (drill 0.762) (layers *.Cu *.Mask)
      (net 11 /R1))
    (pad 10 thru_hole circle (at -7.62 5.08 180) (size 1.524 1.524) (drill 0.762) (layers *.Cu *.Mask)
      (net 12 /LAT))
    (pad 11 thru_hole circle (at -7.62 7.62 180) (size 1.524 1.524) (drill 0.762) (layers *.Cu *.Mask)
      (net 13 /D))
    (pad 12 thru_hole circle (at -7.62 10.16 180) (size 1.524 1.524) (drill 0.762) (layers *.Cu *.Mask)
      (net 14 /B))
    (pad 13 thru_hole circle (at -7.62 12.7 180) (size 1.524 1.524) (drill 0.762) (layers *.Cu *.Mask)
      (net 49 /E))
    (pad 14 thru_hole circle (at -7.62 15.24 180) (size 1.524 1.524) (drill 0.762) (layers *.Cu *.Mask)
      (net 15 /G2))
    (pad 15 thru_hole circle (at 7.62 15.24 180) (size 1.524 1.524) (drill 0.762) (layers *.Cu *.Mask)
      (net 17 /RX))
    (pad 16 thru_hole circle (at 7.62 12.7 180) (size 1.524 1.524) (drill 0.762) (layers *.Cu *.Mask)
      (net 18 /TX))
    (pad 17 thru_hole circle (at 7.62 10.16 180) (size 1.524 1.524) (drill 0.762) (layers *.Cu *.Mask)
      (net 21 /MOSI))
    (pad 18 thru_hole circle (at 7.62 7.62 180) (size 1.524 1.524) (drill 0.762) (layers *.Cu *.Mask)
      (net 19 /SCK))
    (pad 19 thru_hole circle (at 7.62 5.08 180) (size 1.524 1.524) (drill 0.762) (layers *.Cu *.Mask)
      (net 20 /MISO))
    (pad 20 thru_hole circle (at 7.62 2.54 180) (size 1.524 1.524) (drill 0.762) (layers *.Cu *.Mask)
      (net 22 /CS_EEPROM))
    (pad 21 thru_hole circle (at 7.62 0 180) (size 1.524 1.524) (drill 0.762) (layers *.Cu *.Mask)
      (net 46 /SC_EXT))
    (pad 22 thru_hole circle (at 7.62 -2.54 180) (size 1.524 1.524) (drill 0.762) (layers *.Cu *.Mask)
      (net 47 /EXT_IO1))
    (pad 23 thru_hole circle (at 7.62 -5.08 180) (size 1.524 1.524) (drill 0.762) (layers *.Cu *.Mask)
      (net 48 /EXT_IO2))
    (pad 24 thru_hole circle (at 7.62 -7.62 180) (size 1.524 1.524) (drill 0.762) (layers *.Cu *.Mask)
      (net 16 /G1))
    (pad 25 thru_hole circle (at 7.62 -10.16 180) (size 1.524 1.524) (drill 0.762) (layers *.Cu *.Mask)
      (net 67 "Net-(FPGA1-Pad25)"))
    (pad 26 thru_hole circle (at 7.62 -12.7 180) (size 1.524 1.524) (drill 0.762) (layers *.Cu *.Mask)
      (net 23 "Net-(FPGA1-Pad26)"))
    (pad 27 thru_hole circle (at 7.62 -15.24 180) (size 1.524 1.524) (drill 0.762) (layers *.Cu *.Mask)
      (net 24 "Net-(FPGA1-Pad27)"))
    (pad 28 thru_hole circle (at 7.62 -17.78 180) (size 1.524 1.524) (drill 0.762) (layers *.Cu *.Mask)
      (net 2 +5V))
  )

  (module Connector_BarrelJack:BarrelJack_Wuerth_6941xx301002 (layer F.Cu) (tedit 5B191DE1) (tstamp 5C2A70DD)
    (at 50.8 69.85 270)
    (descr "Wuerth electronics barrel jack connector (5.5mm outher diameter, inner diameter 2.05mm or 2.55mm depending on exact order number), See: http://katalog.we-online.de/em/datasheet/6941xx301002.pdf")
    (tags "connector barrel jack")
    (path /5C31CE3F)
    (fp_text reference J2 (at 0 -2.5 270) (layer F.SilkS)
      (effects (font (size 1 1) (thickness 0.15)))
    )
    (fp_text value Barrel_Jack (at 0 15.5 270) (layer F.Fab)
      (effects (font (size 1 1) (thickness 0.15)))
    )
    (fp_line (start 5 14.1) (end 5 5.5) (layer F.CrtYd) (width 0.05))
    (fp_line (start 4.6 5.2) (end 4.6 13.7) (layer F.SilkS) (width 0.12))
    (fp_line (start -4.5 0.1) (end -3.5 -0.9) (layer F.Fab) (width 0.1))
    (fp_line (start 4.5 -0.9) (end -3.5 -0.9) (layer F.Fab) (width 0.1))
    (fp_line (start 4.5 -0.9) (end 4.5 13.6) (layer F.Fab) (width 0.1))
    (fp_line (start 4.5 13.6) (end -4.5 13.6) (layer F.Fab) (width 0.1))
    (fp_line (start -4.5 13.6) (end -4.5 0.1) (layer F.Fab) (width 0.1))
    (fp_text user %R (at 0 7.5 270) (layer F.Fab)
      (effects (font (size 1 1) (thickness 0.15)))
    )
    (fp_line (start 4.6 13.7) (end -4.6 13.7) (layer F.SilkS) (width 0.12))
    (fp_line (start -4.6 13.7) (end -4.6 -1) (layer F.SilkS) (width 0.12))
    (fp_line (start 2.5 -1) (end 4.6 -1) (layer F.SilkS) (width 0.12))
    (fp_line (start 4.6 -1) (end 4.6 0.8) (layer F.SilkS) (width 0.12))
    (fp_line (start -3.2 -1.3) (end -4.9 -1.3) (layer F.SilkS) (width 0.12))
    (fp_line (start -4.9 -1.3) (end -4.9 0.3) (layer F.SilkS) (width 0.12))
    (fp_line (start 5 -1.4) (end -5 -1.4) (layer F.CrtYd) (width 0.05))
    (fp_line (start -5 -1.4) (end -5 14.1) (layer F.CrtYd) (width 0.05))
    (fp_line (start -5 14.1) (end 5 14.1) (layer F.CrtYd) (width 0.05))
    (fp_line (start 5 0.5) (end 5 -1.4) (layer F.CrtYd) (width 0.05))
    (fp_line (start 6.2 0.5) (end 6.2 5.5) (layer F.CrtYd) (width 0.05))
    (fp_line (start 6.2 5.5) (end 5 5.5) (layer F.CrtYd) (width 0.05))
    (fp_line (start 6.2 0.5) (end 5 0.5) (layer F.CrtYd) (width 0.05))
    (fp_line (start -4.6 -1) (end -2.5 -1) (layer F.SilkS) (width 0.12))
    (pad 3 thru_hole oval (at 4.8 3) (size 4 1.8) (drill oval 3 0.8) (layers *.Cu *.Mask))
    (pad 2 thru_hole oval (at 0 5.8 270) (size 4 1.8) (drill oval 3 0.8) (layers *.Cu *.Mask)
      (net 3 GND))
    (pad 1 thru_hole rect (at 0 0 270) (size 4.4 1.8) (drill oval 3.4 0.8) (layers *.Cu *.Mask)
      (net 2 +5V))
    (model ${KISYS3DMOD}/Connector_BarrelJack.3dshapes/BarrelJack_Wuerth_6941xx301002.wrl
      (at (xyz 0 0 0))
      (scale (xyz 1 1 1))
      (rotate (xyz 0 0 0))
    )
  )

  (module Connector_PinHeader_2.54mm:PinHeader_1x08_P2.54mm_Vertical (layer F.Cu) (tedit 59FED5CC) (tstamp 5C0C94A9)
    (at 86.36 68.58 90)
    (descr "Through hole straight pin header, 1x08, 2.54mm pitch, single row")
    (tags "Through hole pin header THT 1x08 2.54mm single row")
    (path /5BFBA84B)
    (fp_text reference EXT1 (at 0 -2.33 90) (layer F.SilkS)
      (effects (font (size 1 1) (thickness 0.15)))
    )
    (fp_text value EXT_HEADER (at 2.54 8.89 180) (layer F.Fab)
      (effects (font (size 1 1) (thickness 0.15)))
    )
    (fp_line (start -0.635 -1.27) (end 1.27 -1.27) (layer F.Fab) (width 0.1))
    (fp_line (start 1.27 -1.27) (end 1.27 19.05) (layer F.Fab) (width 0.1))
    (fp_line (start 1.27 19.05) (end -1.27 19.05) (layer F.Fab) (width 0.1))
    (fp_line (start -1.27 19.05) (end -1.27 -0.635) (layer F.Fab) (width 0.1))
    (fp_line (start -1.27 -0.635) (end -0.635 -1.27) (layer F.Fab) (width 0.1))
    (fp_line (start -1.33 19.11) (end 1.33 19.11) (layer F.SilkS) (width 0.12))
    (fp_line (start -1.33 1.27) (end -1.33 19.11) (layer F.SilkS) (width 0.12))
    (fp_line (start 1.33 1.27) (end 1.33 19.11) (layer F.SilkS) (width 0.12))
    (fp_line (start -1.33 1.27) (end 1.33 1.27) (layer F.SilkS) (width 0.12))
    (fp_line (start -1.33 0) (end -1.33 -1.33) (layer F.SilkS) (width 0.12))
    (fp_line (start -1.33 -1.33) (end 0 -1.33) (layer F.SilkS) (width 0.12))
    (fp_line (start -1.8 -1.8) (end -1.8 19.55) (layer F.CrtYd) (width 0.05))
    (fp_line (start -1.8 19.55) (end 1.8 19.55) (layer F.CrtYd) (width 0.05))
    (fp_line (start 1.8 19.55) (end 1.8 -1.8) (layer F.CrtYd) (width 0.05))
    (fp_line (start 1.8 -1.8) (end -1.8 -1.8) (layer F.CrtYd) (width 0.05))
    (fp_text user %R (at 0 8.89 180) (layer F.Fab)
      (effects (font (size 1 1) (thickness 0.15)))
    )
    (pad 1 thru_hole rect (at 0 0 90) (size 1.7 1.7) (drill 1) (layers *.Cu *.Mask)
      (net 3 GND))
    (pad 2 thru_hole oval (at 0 2.54 90) (size 1.7 1.7) (drill 1) (layers *.Cu *.Mask)
      (net 1 +3V3))
    (pad 3 thru_hole oval (at 0 5.08 90) (size 1.7 1.7) (drill 1) (layers *.Cu *.Mask)
      (net 19 /SCK))
    (pad 4 thru_hole oval (at 0 7.62 90) (size 1.7 1.7) (drill 1) (layers *.Cu *.Mask)
      (net 21 /MOSI))
    (pad 5 thru_hole oval (at 0 10.16 90) (size 1.7 1.7) (drill 1) (layers *.Cu *.Mask)
      (net 20 /MISO))
    (pad 6 thru_hole oval (at 0 12.7 90) (size 1.7 1.7) (drill 1) (layers *.Cu *.Mask)
      (net 46 /SC_EXT))
    (pad 7 thru_hole oval (at 0 15.24 90) (size 1.7 1.7) (drill 1) (layers *.Cu *.Mask)
      (net 47 /EXT_IO1))
    (pad 8 thru_hole oval (at 0 17.78 90) (size 1.7 1.7) (drill 1) (layers *.Cu *.Mask)
      (net 48 /EXT_IO2))
    (model ${KISYS3DMOD}/Connector_PinHeader_2.54mm.3dshapes/PinHeader_1x08_P2.54mm_Vertical.wrl
      (at (xyz 0 0 0))
      (scale (xyz 1 1 1))
      (rotate (xyz 0 0 0))
    )
  )

  (module Package_SO:SOIC-24W_7.5x15.4mm_P1.27mm (layer F.Cu) (tedit 5A02F2D3) (tstamp 5C1E0FCD)
    (at 90.17 80.01 270)
    (descr "24-Lead Plastic Small Outline (SO) - Wide, 7.50 mm Body [SOIC] (see Microchip Packaging Specification 00000049BS.pdf)")
    (tags "SOIC 1.27")
    (path /5C21D94B)
    (attr smd)
    (fp_text reference U2 (at 0 -8.8 270) (layer F.SilkS)
      (effects (font (size 1 1) (thickness 0.15)))
    )
    (fp_text value 74LVC4245A (at 0 8.8 270) (layer F.Fab)
      (effects (font (size 1 1) (thickness 0.15)))
    )
    (fp_line (start -3.875 -7.6) (end -5.7 -7.6) (layer F.SilkS) (width 0.15))
    (fp_line (start -3.875 7.875) (end 3.875 7.875) (layer F.SilkS) (width 0.15))
    (fp_line (start -3.875 -7.875) (end 3.875 -7.875) (layer F.SilkS) (width 0.15))
    (fp_line (start -3.875 7.875) (end -3.875 7.51) (layer F.SilkS) (width 0.15))
    (fp_line (start 3.875 7.875) (end 3.875 7.51) (layer F.SilkS) (width 0.15))
    (fp_line (start 3.875 -7.875) (end 3.875 -7.51) (layer F.SilkS) (width 0.15))
    (fp_line (start -3.875 -7.875) (end -3.875 -7.6) (layer F.SilkS) (width 0.15))
    (fp_line (start -5.95 8.05) (end 5.95 8.05) (layer F.CrtYd) (width 0.05))
    (fp_line (start -5.95 -8.05) (end 5.95 -8.05) (layer F.CrtYd) (width 0.05))
    (fp_line (start 5.95 -8.05) (end 5.95 8.05) (layer F.CrtYd) (width 0.05))
    (fp_line (start -5.95 -8.05) (end -5.95 8.05) (layer F.CrtYd) (width 0.05))
    (fp_line (start -3.75 -6.7) (end -2.75 -7.7) (layer F.Fab) (width 0.15))
    (fp_line (start -3.75 7.7) (end -3.75 -6.7) (layer F.Fab) (width 0.15))
    (fp_line (start 3.75 7.7) (end -3.75 7.7) (layer F.Fab) (width 0.15))
    (fp_line (start 3.75 -7.7) (end 3.75 7.7) (layer F.Fab) (width 0.15))
    (fp_line (start -2.75 -7.7) (end 3.75 -7.7) (layer F.Fab) (width 0.15))
    (fp_text user %R (at 0 0 270) (layer F.Fab)
      (effects (font (size 1 1) (thickness 0.15)))
    )
    (pad 24 smd rect (at 4.7 -6.985 270) (size 2 0.6) (layers F.Cu F.Paste F.Mask)
      (net 2 +5V))
    (pad 23 smd rect (at 4.7 -5.715 270) (size 2 0.6) (layers F.Cu F.Paste F.Mask)
      (net 2 +5V))
    (pad 22 smd rect (at 4.7 -4.445 270) (size 2 0.6) (layers F.Cu F.Paste F.Mask)
      (net 3 GND))
    (pad 21 smd rect (at 4.7 -3.175 270) (size 2 0.6) (layers F.Cu F.Paste F.Mask)
      (net 57 "Net-(R16-Pad1)"))
    (pad 20 smd rect (at 4.7 -1.905 270) (size 2 0.6) (layers F.Cu F.Paste F.Mask)
      (net 58 "Net-(R15-Pad1)"))
    (pad 19 smd rect (at 4.7 -0.635 270) (size 2 0.6) (layers F.Cu F.Paste F.Mask)
      (net 56 "Net-(R14-Pad1)"))
    (pad 18 smd rect (at 4.7 0.635 270) (size 2 0.6) (layers F.Cu F.Paste F.Mask)
      (net 59 "Net-(R13-Pad1)"))
    (pad 17 smd rect (at 4.7 1.905 270) (size 2 0.6) (layers F.Cu F.Paste F.Mask)
      (net 60 "Net-(R12-Pad1)"))
    (pad 16 smd rect (at 4.7 3.175 270) (size 2 0.6) (layers F.Cu F.Paste F.Mask)
      (net 61 "Net-(R11-Pad1)"))
    (pad 15 smd rect (at 4.7 4.445 270) (size 2 0.6) (layers F.Cu F.Paste F.Mask)
      (net 53 "Net-(U2-Pad15)"))
    (pad 14 smd rect (at 4.7 5.715 270) (size 2 0.6) (layers F.Cu F.Paste F.Mask)
      (net 54 "Net-(U2-Pad14)"))
    (pad 13 smd rect (at 4.7 6.985 270) (size 2 0.6) (layers F.Cu F.Paste F.Mask)
      (net 3 GND))
    (pad 12 smd rect (at -4.7 6.985 270) (size 2 0.6) (layers F.Cu F.Paste F.Mask)
      (net 3 GND))
    (pad 11 smd rect (at -4.7 5.715 270) (size 2 0.6) (layers F.Cu F.Paste F.Mask)
      (net 3 GND))
    (pad 10 smd rect (at -4.7 4.445 270) (size 2 0.6) (layers F.Cu F.Paste F.Mask)
      (net 3 GND))
    (pad 9 smd rect (at -4.7 3.175 270) (size 2 0.6) (layers F.Cu F.Paste F.Mask)
      (net 3 GND))
    (pad 8 smd rect (at -4.7 1.905 270) (size 2 0.6) (layers F.Cu F.Paste F.Mask)
      (net 16 /G1))
    (pad 7 smd rect (at -4.7 0.635 270) (size 2 0.6) (layers F.Cu F.Paste F.Mask)
      (net 15 /G2))
    (pad 6 smd rect (at -4.7 -0.635 270) (size 2 0.6) (layers F.Cu F.Paste F.Mask)
      (net 49 /E))
    (pad 5 smd rect (at -4.7 -1.905 270) (size 2 0.6) (layers F.Cu F.Paste F.Mask)
      (net 14 /B))
    (pad 4 smd rect (at -4.7 -3.175 270) (size 2 0.6) (layers F.Cu F.Paste F.Mask)
      (net 13 /D))
    (pad 3 smd rect (at -4.7 -4.445 270) (size 2 0.6) (layers F.Cu F.Paste F.Mask)
      (net 12 /LAT))
    (pad 2 smd rect (at -4.7 -5.715 270) (size 2 0.6) (layers F.Cu F.Paste F.Mask)
      (net 1 +3V3))
    (pad 1 smd rect (at -4.7 -6.985 270) (size 2 0.6) (layers F.Cu F.Paste F.Mask)
      (net 1 +3V3))
    (model ${KISYS3DMOD}/Package_SO.3dshapes/SOIC-24W_7.5x15.4mm_P1.27mm.wrl
      (at (xyz 0 0 0))
      (scale (xyz 1 1 1))
      (rotate (xyz 0 0 0))
    )
  )

  (module Resistor_SMD:R_0805_2012Metric_Pad1.15x1.40mm_HandSolder (layer F.Cu) (tedit 5B36C52B) (tstamp 5C1E655B)
    (at 99.06 105.165 270)
    (descr "Resistor SMD 0805 (2012 Metric), square (rectangular) end terminal, IPC_7351 nominal with elongated pad for handsoldering. (Body size source: https://docs.google.com/spreadsheets/d/1BsfQQcO9C6DZCsRaXUlFlo91Tg2WpOkGARC1WS5S8t0/edit?usp=sharing), generated with kicad-footprint-generator")
    (tags "resistor handsolder")
    (path /5C2BE18C)
    (attr smd)
    (fp_text reference R9 (at 2.785 0) (layer F.SilkS)
      (effects (font (size 1 1) (thickness 0.15)))
    )
    (fp_text value 33 (at 0 0) (layer F.Fab)
      (effects (font (size 1 1) (thickness 0.15)))
    )
    (fp_text user %R (at 0 0 270) (layer F.Fab)
      (effects (font (size 0.5 0.5) (thickness 0.08)))
    )
    (fp_line (start 1.85 0.95) (end -1.85 0.95) (layer F.CrtYd) (width 0.05))
    (fp_line (start 1.85 -0.95) (end 1.85 0.95) (layer F.CrtYd) (width 0.05))
    (fp_line (start -1.85 -0.95) (end 1.85 -0.95) (layer F.CrtYd) (width 0.05))
    (fp_line (start -1.85 0.95) (end -1.85 -0.95) (layer F.CrtYd) (width 0.05))
    (fp_line (start -0.261252 0.71) (end 0.261252 0.71) (layer F.SilkS) (width 0.12))
    (fp_line (start -0.261252 -0.71) (end 0.261252 -0.71) (layer F.SilkS) (width 0.12))
    (fp_line (start 1 0.6) (end -1 0.6) (layer F.Fab) (width 0.1))
    (fp_line (start 1 -0.6) (end 1 0.6) (layer F.Fab) (width 0.1))
    (fp_line (start -1 -0.6) (end 1 -0.6) (layer F.Fab) (width 0.1))
    (fp_line (start -1 0.6) (end -1 -0.6) (layer F.Fab) (width 0.1))
    (pad 2 smd roundrect (at 1.025 0 270) (size 1.15 1.4) (layers F.Cu F.Paste F.Mask) (roundrect_rratio 0.217391)
      (net 65 "Net-(R9-Pad2)"))
    (pad 1 smd roundrect (at -1.025 0 270) (size 1.15 1.4) (layers F.Cu F.Paste F.Mask) (roundrect_rratio 0.217391)
      (net 35 "Net-(CHAIN1-Pad13)"))
    (model ${KISYS3DMOD}/Resistor_SMD.3dshapes/R_0805_2012Metric.wrl
      (at (xyz 0 0 0))
      (scale (xyz 1 1 1))
      (rotate (xyz 0 0 0))
    )
  )

  (module Resistor_SMD:R_0805_2012Metric_Pad1.15x1.40mm_HandSolder (layer F.Cu) (tedit 5B36C52B) (tstamp 5C1E654A)
    (at 96.52 105.165 270)
    (descr "Resistor SMD 0805 (2012 Metric), square (rectangular) end terminal, IPC_7351 nominal with elongated pad for handsoldering. (Body size source: https://docs.google.com/spreadsheets/d/1BsfQQcO9C6DZCsRaXUlFlo91Tg2WpOkGARC1WS5S8t0/edit?usp=sharing), generated with kicad-footprint-generator")
    (tags "resistor handsolder")
    (path /5C2BABB7)
    (attr smd)
    (fp_text reference R8 (at 2.785 0) (layer F.SilkS)
      (effects (font (size 1 1) (thickness 0.15)))
    )
    (fp_text value 33 (at 0 0) (layer F.Fab)
      (effects (font (size 1 1) (thickness 0.15)))
    )
    (fp_line (start -1 0.6) (end -1 -0.6) (layer F.Fab) (width 0.1))
    (fp_line (start -1 -0.6) (end 1 -0.6) (layer F.Fab) (width 0.1))
    (fp_line (start 1 -0.6) (end 1 0.6) (layer F.Fab) (width 0.1))
    (fp_line (start 1 0.6) (end -1 0.6) (layer F.Fab) (width 0.1))
    (fp_line (start -0.261252 -0.71) (end 0.261252 -0.71) (layer F.SilkS) (width 0.12))
    (fp_line (start -0.261252 0.71) (end 0.261252 0.71) (layer F.SilkS) (width 0.12))
    (fp_line (start -1.85 0.95) (end -1.85 -0.95) (layer F.CrtYd) (width 0.05))
    (fp_line (start -1.85 -0.95) (end 1.85 -0.95) (layer F.CrtYd) (width 0.05))
    (fp_line (start 1.85 -0.95) (end 1.85 0.95) (layer F.CrtYd) (width 0.05))
    (fp_line (start 1.85 0.95) (end -1.85 0.95) (layer F.CrtYd) (width 0.05))
    (fp_text user %R (at 0 0 270) (layer F.Fab)
      (effects (font (size 0.5 0.5) (thickness 0.08)))
    )
    (pad 1 smd roundrect (at -1.025 0 270) (size 1.15 1.4) (layers F.Cu F.Paste F.Mask) (roundrect_rratio 0.217391)
      (net 33 "Net-(CHAIN1-Pad11)"))
    (pad 2 smd roundrect (at 1.025 0 270) (size 1.15 1.4) (layers F.Cu F.Paste F.Mask) (roundrect_rratio 0.217391)
      (net 64 "Net-(R8-Pad2)"))
    (model ${KISYS3DMOD}/Resistor_SMD.3dshapes/R_0805_2012Metric.wrl
      (at (xyz 0 0 0))
      (scale (xyz 1 1 1))
      (rotate (xyz 0 0 0))
    )
  )

  (module Resistor_SMD:R_0805_2012Metric_Pad1.15x1.40mm_HandSolder (layer F.Cu) (tedit 5B36C52B) (tstamp 5C1E6539)
    (at 93.98 105.165 270)
    (descr "Resistor SMD 0805 (2012 Metric), square (rectangular) end terminal, IPC_7351 nominal with elongated pad for handsoldering. (Body size source: https://docs.google.com/spreadsheets/d/1BsfQQcO9C6DZCsRaXUlFlo91Tg2WpOkGARC1WS5S8t0/edit?usp=sharing), generated with kicad-footprint-generator")
    (tags "resistor handsolder")
    (path /5C2B75E2)
    (attr smd)
    (fp_text reference R7 (at 2.785 0) (layer F.SilkS)
      (effects (font (size 1 1) (thickness 0.15)))
    )
    (fp_text value 33 (at 0 0) (layer F.Fab)
      (effects (font (size 1 1) (thickness 0.15)))
    )
    (fp_text user %R (at 0 0 270) (layer F.Fab)
      (effects (font (size 0.5 0.5) (thickness 0.08)))
    )
    (fp_line (start 1.85 0.95) (end -1.85 0.95) (layer F.CrtYd) (width 0.05))
    (fp_line (start 1.85 -0.95) (end 1.85 0.95) (layer F.CrtYd) (width 0.05))
    (fp_line (start -1.85 -0.95) (end 1.85 -0.95) (layer F.CrtYd) (width 0.05))
    (fp_line (start -1.85 0.95) (end -1.85 -0.95) (layer F.CrtYd) (width 0.05))
    (fp_line (start -0.261252 0.71) (end 0.261252 0.71) (layer F.SilkS) (width 0.12))
    (fp_line (start -0.261252 -0.71) (end 0.261252 -0.71) (layer F.SilkS) (width 0.12))
    (fp_line (start 1 0.6) (end -1 0.6) (layer F.Fab) (width 0.1))
    (fp_line (start 1 -0.6) (end 1 0.6) (layer F.Fab) (width 0.1))
    (fp_line (start -1 -0.6) (end 1 -0.6) (layer F.Fab) (width 0.1))
    (fp_line (start -1 0.6) (end -1 -0.6) (layer F.Fab) (width 0.1))
    (pad 2 smd roundrect (at 1.025 0 270) (size 1.15 1.4) (layers F.Cu F.Paste F.Mask) (roundrect_rratio 0.217391)
      (net 63 "Net-(R7-Pad2)"))
    (pad 1 smd roundrect (at -1.025 0 270) (size 1.15 1.4) (layers F.Cu F.Paste F.Mask) (roundrect_rratio 0.217391)
      (net 31 "Net-(CHAIN1-Pad9)"))
    (model ${KISYS3DMOD}/Resistor_SMD.3dshapes/R_0805_2012Metric.wrl
      (at (xyz 0 0 0))
      (scale (xyz 1 1 1))
      (rotate (xyz 0 0 0))
    )
  )

  (module Resistor_SMD:R_0805_2012Metric_Pad1.15x1.40mm_HandSolder (layer F.Cu) (tedit 5B36C52B) (tstamp 5C1E64F8)
    (at 101.6 105.165 270)
    (descr "Resistor SMD 0805 (2012 Metric), square (rectangular) end terminal, IPC_7351 nominal with elongated pad for handsoldering. (Body size source: https://docs.google.com/spreadsheets/d/1BsfQQcO9C6DZCsRaXUlFlo91Tg2WpOkGARC1WS5S8t0/edit?usp=sharing), generated with kicad-footprint-generator")
    (tags "resistor handsolder")
    (path /5C2C178B)
    (attr smd)
    (fp_text reference R10 (at 2.785 0) (layer F.SilkS)
      (effects (font (size 1 1) (thickness 0.15)))
    )
    (fp_text value 33 (at 0 0) (layer F.Fab)
      (effects (font (size 1 1) (thickness 0.15)))
    )
    (fp_line (start -1 0.6) (end -1 -0.6) (layer F.Fab) (width 0.1))
    (fp_line (start -1 -0.6) (end 1 -0.6) (layer F.Fab) (width 0.1))
    (fp_line (start 1 -0.6) (end 1 0.6) (layer F.Fab) (width 0.1))
    (fp_line (start 1 0.6) (end -1 0.6) (layer F.Fab) (width 0.1))
    (fp_line (start -0.261252 -0.71) (end 0.261252 -0.71) (layer F.SilkS) (width 0.12))
    (fp_line (start -0.261252 0.71) (end 0.261252 0.71) (layer F.SilkS) (width 0.12))
    (fp_line (start -1.85 0.95) (end -1.85 -0.95) (layer F.CrtYd) (width 0.05))
    (fp_line (start -1.85 -0.95) (end 1.85 -0.95) (layer F.CrtYd) (width 0.05))
    (fp_line (start 1.85 -0.95) (end 1.85 0.95) (layer F.CrtYd) (width 0.05))
    (fp_line (start 1.85 0.95) (end -1.85 0.95) (layer F.CrtYd) (width 0.05))
    (fp_text user %R (at 0 0 270) (layer F.Fab)
      (effects (font (size 0.5 0.5) (thickness 0.08)))
    )
    (pad 1 smd roundrect (at -1.025 0 270) (size 1.15 1.4) (layers F.Cu F.Paste F.Mask) (roundrect_rratio 0.217391)
      (net 37 "Net-(CHAIN1-Pad15)"))
    (pad 2 smd roundrect (at 1.025 0 270) (size 1.15 1.4) (layers F.Cu F.Paste F.Mask) (roundrect_rratio 0.217391)
      (net 62 "Net-(R10-Pad2)"))
    (model ${KISYS3DMOD}/Resistor_SMD.3dshapes/R_0805_2012Metric.wrl
      (at (xyz 0 0 0))
      (scale (xyz 1 1 1))
      (rotate (xyz 0 0 0))
    )
  )

  (module Resistor_SMD:R_0805_2012Metric_Pad1.15x1.40mm_HandSolder (layer F.Cu) (tedit 5B36C52B) (tstamp 5C1E64E7)
    (at 83.82 90.17 270)
    (descr "Resistor SMD 0805 (2012 Metric), square (rectangular) end terminal, IPC_7351 nominal with elongated pad for handsoldering. (Body size source: https://docs.google.com/spreadsheets/d/1BsfQQcO9C6DZCsRaXUlFlo91Tg2WpOkGARC1WS5S8t0/edit?usp=sharing), generated with kicad-footprint-generator")
    (tags "resistor handsolder")
    (path /5C2C87A3)
    (attr smd)
    (fp_text reference R11 (at -2.295 0) (layer F.SilkS)
      (effects (font (size 1 1) (thickness 0.15)))
    )
    (fp_text value 33 (at 0 0) (layer F.Fab)
      (effects (font (size 1 1) (thickness 0.15)))
    )
    (fp_text user %R (at 0 0 270) (layer F.Fab)
      (effects (font (size 0.5 0.5) (thickness 0.08)))
    )
    (fp_line (start 1.85 0.95) (end -1.85 0.95) (layer F.CrtYd) (width 0.05))
    (fp_line (start 1.85 -0.95) (end 1.85 0.95) (layer F.CrtYd) (width 0.05))
    (fp_line (start -1.85 -0.95) (end 1.85 -0.95) (layer F.CrtYd) (width 0.05))
    (fp_line (start -1.85 0.95) (end -1.85 -0.95) (layer F.CrtYd) (width 0.05))
    (fp_line (start -0.261252 0.71) (end 0.261252 0.71) (layer F.SilkS) (width 0.12))
    (fp_line (start -0.261252 -0.71) (end 0.261252 -0.71) (layer F.SilkS) (width 0.12))
    (fp_line (start 1 0.6) (end -1 0.6) (layer F.Fab) (width 0.1))
    (fp_line (start 1 -0.6) (end 1 0.6) (layer F.Fab) (width 0.1))
    (fp_line (start -1 -0.6) (end 1 -0.6) (layer F.Fab) (width 0.1))
    (fp_line (start -1 0.6) (end -1 -0.6) (layer F.Fab) (width 0.1))
    (pad 2 smd roundrect (at 1.025 0 270) (size 1.15 1.4) (layers F.Cu F.Paste F.Mask) (roundrect_rratio 0.217391)
      (net 26 "Net-(CHAIN1-Pad2)"))
    (pad 1 smd roundrect (at -1.025 0 270) (size 1.15 1.4) (layers F.Cu F.Paste F.Mask) (roundrect_rratio 0.217391)
      (net 61 "Net-(R11-Pad1)"))
    (model ${KISYS3DMOD}/Resistor_SMD.3dshapes/R_0805_2012Metric.wrl
      (at (xyz 0 0 0))
      (scale (xyz 1 1 1))
      (rotate (xyz 0 0 0))
    )
  )

  (module Resistor_SMD:R_0805_2012Metric_Pad1.15x1.40mm_HandSolder (layer F.Cu) (tedit 5B36C52B) (tstamp 5C1E64D6)
    (at 88.9 90.415 270)
    (descr "Resistor SMD 0805 (2012 Metric), square (rectangular) end terminal, IPC_7351 nominal with elongated pad for handsoldering. (Body size source: https://docs.google.com/spreadsheets/d/1BsfQQcO9C6DZCsRaXUlFlo91Tg2WpOkGARC1WS5S8t0/edit?usp=sharing), generated with kicad-footprint-generator")
    (tags "resistor handsolder")
    (path /5C2CB665)
    (attr smd)
    (fp_text reference R12 (at -2.785 0) (layer F.SilkS)
      (effects (font (size 1 1) (thickness 0.15)))
    )
    (fp_text value 33 (at 0.245 0 90) (layer F.Fab)
      (effects (font (size 1 1) (thickness 0.15)))
    )
    (fp_line (start -1 0.6) (end -1 -0.6) (layer F.Fab) (width 0.1))
    (fp_line (start -1 -0.6) (end 1 -0.6) (layer F.Fab) (width 0.1))
    (fp_line (start 1 -0.6) (end 1 0.6) (layer F.Fab) (width 0.1))
    (fp_line (start 1 0.6) (end -1 0.6) (layer F.Fab) (width 0.1))
    (fp_line (start -0.261252 -0.71) (end 0.261252 -0.71) (layer F.SilkS) (width 0.12))
    (fp_line (start -0.261252 0.71) (end 0.261252 0.71) (layer F.SilkS) (width 0.12))
    (fp_line (start -1.85 0.95) (end -1.85 -0.95) (layer F.CrtYd) (width 0.05))
    (fp_line (start -1.85 -0.95) (end 1.85 -0.95) (layer F.CrtYd) (width 0.05))
    (fp_line (start 1.85 -0.95) (end 1.85 0.95) (layer F.CrtYd) (width 0.05))
    (fp_line (start 1.85 0.95) (end -1.85 0.95) (layer F.CrtYd) (width 0.05))
    (fp_text user %R (at 0 0 270) (layer F.Fab)
      (effects (font (size 0.5 0.5) (thickness 0.08)))
    )
    (pad 1 smd roundrect (at -1.025 0 270) (size 1.15 1.4) (layers F.Cu F.Paste F.Mask) (roundrect_rratio 0.217391)
      (net 60 "Net-(R12-Pad1)"))
    (pad 2 smd roundrect (at 1.025 0 270) (size 1.15 1.4) (layers F.Cu F.Paste F.Mask) (roundrect_rratio 0.217391)
      (net 29 "Net-(CHAIN1-Pad6)"))
    (model ${KISYS3DMOD}/Resistor_SMD.3dshapes/R_0805_2012Metric.wrl
      (at (xyz 0 0 0))
      (scale (xyz 1 1 1))
      (rotate (xyz 0 0 0))
    )
  )

  (module Resistor_SMD:R_0805_2012Metric_Pad1.15x1.40mm_HandSolder (layer F.Cu) (tedit 5B36C52B) (tstamp 5C1E64C5)
    (at 91.44 90.415 270)
    (descr "Resistor SMD 0805 (2012 Metric), square (rectangular) end terminal, IPC_7351 nominal with elongated pad for handsoldering. (Body size source: https://docs.google.com/spreadsheets/d/1BsfQQcO9C6DZCsRaXUlFlo91Tg2WpOkGARC1WS5S8t0/edit?usp=sharing), generated with kicad-footprint-generator")
    (tags "resistor handsolder")
    (path /5C2DD242)
    (attr smd)
    (fp_text reference R13 (at -2.785 0) (layer F.SilkS)
      (effects (font (size 1 1) (thickness 0.15)))
    )
    (fp_text value 33 (at 0 0) (layer F.Fab)
      (effects (font (size 1 1) (thickness 0.15)))
    )
    (fp_text user %R (at 0 0 270) (layer F.Fab)
      (effects (font (size 0.5 0.5) (thickness 0.08)))
    )
    (fp_line (start 1.85 0.95) (end -1.85 0.95) (layer F.CrtYd) (width 0.05))
    (fp_line (start 1.85 -0.95) (end 1.85 0.95) (layer F.CrtYd) (width 0.05))
    (fp_line (start -1.85 -0.95) (end 1.85 -0.95) (layer F.CrtYd) (width 0.05))
    (fp_line (start -1.85 0.95) (end -1.85 -0.95) (layer F.CrtYd) (width 0.05))
    (fp_line (start -0.261252 0.71) (end 0.261252 0.71) (layer F.SilkS) (width 0.12))
    (fp_line (start -0.261252 -0.71) (end 0.261252 -0.71) (layer F.SilkS) (width 0.12))
    (fp_line (start 1 0.6) (end -1 0.6) (layer F.Fab) (width 0.1))
    (fp_line (start 1 -0.6) (end 1 0.6) (layer F.Fab) (width 0.1))
    (fp_line (start -1 -0.6) (end 1 -0.6) (layer F.Fab) (width 0.1))
    (fp_line (start -1 0.6) (end -1 -0.6) (layer F.Fab) (width 0.1))
    (pad 2 smd roundrect (at 1.025 0 270) (size 1.15 1.4) (layers F.Cu F.Paste F.Mask) (roundrect_rratio 0.217391)
      (net 52 "Net-(CHAIN1-Pad8)"))
    (pad 1 smd roundrect (at -1.025 0 270) (size 1.15 1.4) (layers F.Cu F.Paste F.Mask) (roundrect_rratio 0.217391)
      (net 59 "Net-(R13-Pad1)"))
    (model ${KISYS3DMOD}/Resistor_SMD.3dshapes/R_0805_2012Metric.wrl
      (at (xyz 0 0 0))
      (scale (xyz 1 1 1))
      (rotate (xyz 0 0 0))
    )
  )

  (module Resistor_SMD:R_0805_2012Metric_Pad1.15x1.40mm_HandSolder (layer F.Cu) (tedit 5B36C52B) (tstamp 5C1E64B4)
    (at 96.52 90.415 270)
    (descr "Resistor SMD 0805 (2012 Metric), square (rectangular) end terminal, IPC_7351 nominal with elongated pad for handsoldering. (Body size source: https://docs.google.com/spreadsheets/d/1BsfQQcO9C6DZCsRaXUlFlo91Tg2WpOkGARC1WS5S8t0/edit?usp=sharing), generated with kicad-footprint-generator")
    (tags "resistor handsolder")
    (path /5C2D42CF)
    (attr smd)
    (fp_text reference R15 (at -2.785 0) (layer F.SilkS)
      (effects (font (size 1 1) (thickness 0.15)))
    )
    (fp_text value 33 (at 0 0) (layer F.Fab)
      (effects (font (size 1 1) (thickness 0.15)))
    )
    (fp_line (start -1 0.6) (end -1 -0.6) (layer F.Fab) (width 0.1))
    (fp_line (start -1 -0.6) (end 1 -0.6) (layer F.Fab) (width 0.1))
    (fp_line (start 1 -0.6) (end 1 0.6) (layer F.Fab) (width 0.1))
    (fp_line (start 1 0.6) (end -1 0.6) (layer F.Fab) (width 0.1))
    (fp_line (start -0.261252 -0.71) (end 0.261252 -0.71) (layer F.SilkS) (width 0.12))
    (fp_line (start -0.261252 0.71) (end 0.261252 0.71) (layer F.SilkS) (width 0.12))
    (fp_line (start -1.85 0.95) (end -1.85 -0.95) (layer F.CrtYd) (width 0.05))
    (fp_line (start -1.85 -0.95) (end 1.85 -0.95) (layer F.CrtYd) (width 0.05))
    (fp_line (start 1.85 -0.95) (end 1.85 0.95) (layer F.CrtYd) (width 0.05))
    (fp_line (start 1.85 0.95) (end -1.85 0.95) (layer F.CrtYd) (width 0.05))
    (fp_text user %R (at 0 0 270) (layer F.Fab)
      (effects (font (size 0.5 0.5) (thickness 0.08)))
    )
    (pad 1 smd roundrect (at -1.025 0 270) (size 1.15 1.4) (layers F.Cu F.Paste F.Mask) (roundrect_rratio 0.217391)
      (net 58 "Net-(R15-Pad1)"))
    (pad 2 smd roundrect (at 1.025 0 270) (size 1.15 1.4) (layers F.Cu F.Paste F.Mask) (roundrect_rratio 0.217391)
      (net 34 "Net-(CHAIN1-Pad12)"))
    (model ${KISYS3DMOD}/Resistor_SMD.3dshapes/R_0805_2012Metric.wrl
      (at (xyz 0 0 0))
      (scale (xyz 1 1 1))
      (rotate (xyz 0 0 0))
    )
  )

  (module Resistor_SMD:R_0805_2012Metric_Pad1.15x1.40mm_HandSolder (layer F.Cu) (tedit 5B36C52B) (tstamp 5C1E64A3)
    (at 99.06 90.415 270)
    (descr "Resistor SMD 0805 (2012 Metric), square (rectangular) end terminal, IPC_7351 nominal with elongated pad for handsoldering. (Body size source: https://docs.google.com/spreadsheets/d/1BsfQQcO9C6DZCsRaXUlFlo91Tg2WpOkGARC1WS5S8t0/edit?usp=sharing), generated with kicad-footprint-generator")
    (tags "resistor handsolder")
    (path /5C2D719F)
    (attr smd)
    (fp_text reference R16 (at -2.785 0) (layer F.SilkS)
      (effects (font (size 1 1) (thickness 0.15)))
    )
    (fp_text value 33 (at 0 0) (layer F.Fab)
      (effects (font (size 1 1) (thickness 0.15)))
    )
    (fp_text user %R (at 0 0 270) (layer F.Fab)
      (effects (font (size 0.5 0.5) (thickness 0.08)))
    )
    (fp_line (start 1.85 0.95) (end -1.85 0.95) (layer F.CrtYd) (width 0.05))
    (fp_line (start 1.85 -0.95) (end 1.85 0.95) (layer F.CrtYd) (width 0.05))
    (fp_line (start -1.85 -0.95) (end 1.85 -0.95) (layer F.CrtYd) (width 0.05))
    (fp_line (start -1.85 0.95) (end -1.85 -0.95) (layer F.CrtYd) (width 0.05))
    (fp_line (start -0.261252 0.71) (end 0.261252 0.71) (layer F.SilkS) (width 0.12))
    (fp_line (start -0.261252 -0.71) (end 0.261252 -0.71) (layer F.SilkS) (width 0.12))
    (fp_line (start 1 0.6) (end -1 0.6) (layer F.Fab) (width 0.1))
    (fp_line (start 1 -0.6) (end 1 0.6) (layer F.Fab) (width 0.1))
    (fp_line (start -1 -0.6) (end 1 -0.6) (layer F.Fab) (width 0.1))
    (fp_line (start -1 0.6) (end -1 -0.6) (layer F.Fab) (width 0.1))
    (pad 2 smd roundrect (at 1.025 0 270) (size 1.15 1.4) (layers F.Cu F.Paste F.Mask) (roundrect_rratio 0.217391)
      (net 36 "Net-(CHAIN1-Pad14)"))
    (pad 1 smd roundrect (at -1.025 0 270) (size 1.15 1.4) (layers F.Cu F.Paste F.Mask) (roundrect_rratio 0.217391)
      (net 57 "Net-(R16-Pad1)"))
    (model ${KISYS3DMOD}/Resistor_SMD.3dshapes/R_0805_2012Metric.wrl
      (at (xyz 0 0 0))
      (scale (xyz 1 1 1))
      (rotate (xyz 0 0 0))
    )
  )

  (module Resistor_SMD:R_0805_2012Metric_Pad1.15x1.40mm_HandSolder (layer F.Cu) (tedit 5B36C52B) (tstamp 5C1E6492)
    (at 93.98 90.415 270)
    (descr "Resistor SMD 0805 (2012 Metric), square (rectangular) end terminal, IPC_7351 nominal with elongated pad for handsoldering. (Body size source: https://docs.google.com/spreadsheets/d/1BsfQQcO9C6DZCsRaXUlFlo91Tg2WpOkGARC1WS5S8t0/edit?usp=sharing), generated with kicad-footprint-generator")
    (tags "resistor handsolder")
    (path /5C2D1405)
    (attr smd)
